600
9
108 434 394 403 187 926 12 713 76
14
368 591 743 743 904 597 743 901 828 892 891 675 959 427
45
529 852 308 738 556 253 77 821 705 652 112 472 982 741 226 329 410 642 302 923 598 368 103 320 456 974 119 92 27 632 695 43 155 425 62 821 656 748 168 450 165 704 34 129 265
36
341 318 794 984 408 835 380 268 770 272 142 692 479 721 685 1 973 815 441 294 763 431 438 774 236 100 146 101 37 879 986 981 394 825 57 13
19
734 245 477 785 481 795 647 409 312 995 204 845 438 64 149 958 288 630 853
16
172 341 334 445 237 166 145 547 24 92 881 877 506 239 910 568
38
471 599 627 11 370 934 17 735 472 63 761 47 620 35 824 870 888 763 541 192 431 213 234 621 74 848 812 580 272 391 633 420 680 721 533 392 585 940
39
493 475 508 234 860 596 574 544 144 343 559 456 631 780 910 934 429 588 294 225 652 446 806 518 767 698 454 209 749 457 695 993 923 764 556 606 369 613 140
4
244 11 67 637
50
555 500 116 678 981 358 851 534 466 242 971 768 117 635 814 443 504 558 583 809 128 932 296 207 756 81 162 850 488 690 663 882 682 391 515 970 803 414 616 696 62 667 715 216 600 75 674 850 912 607
8
126 815 812 789 628 451 486 876
10
410 260 224 895 216 263 50 225 880 288
14
566 437 51 66 475 597 49 67 56 934 984 72 98 929
3
204 687 430
44
859 138 672 36 543 347 923 335 772 918 254 620 809 294 721 938 443 784 350 282 520 309 143 600 655 342 519 85 766 483 558 246 452 45 374 871 649 743 180 314 720 660 267 134
42
268 283 25 356 147 103 773 253 604 741 79 232 918 963 17 455 554 770 309 736 351 258 960 589 300 288 131 891 380 77 661 297 34 806 885 294 14 830 193 501 621 246
48
219 260 464 313 537 888 130 39 584 154 606 875 772 399 247 237 472 262 332 994 719 282 510 939 779 760 351 305 622 610 494 491 144 135 734 703 968 147 57 610 573 441 463 628 333 876 307 824
19
117 37 995 287 810 769 275 260 877 932 727 744 581 715 459 756 20 377 315
49
669 706 518 89 222 879 809 856 439 837 592 638 587 213 985 714 393 245 710 323 188 576 3 633 173 199 974 483 873 765 571 855 105 893 427 798 723 657 641 560 194 215 45 956 447 217 548 528 510
47
622 302 542 50 94 905 564 45 680 372 29 258 370 756 303 180 428 452 811 964 439 314 853 773 5 738 439 214 391 622 921 865 853 196 550 103 36 742 809 821 290 499 977 553 442 903 276
38
205 662 577 292 448 360 333 496 114 511 559 559 847 535 139 29 405 379 220 433 395 809 893 427 927 534 967 310 961 395 373 938 110 334 484 629 888 400
32
469 638 585 548 273 690 12 497 25 231 753 141 813 858 85 97 827 287 521 854 795 2 802 983 194 892 85 971 877 930 420 390
17
800 222 730 353 215 556 577 705 97 550 780 109 58 739 465 218 508
41
465 525 495 722 285 326 623 195 272 321 563 152 340 387 226 419 483 752 518 468 23 793 399 503 947 936 565 53 677 492 861 786 638 787 490 691 57 367 910 248 969
9
361 573 131 645 652 741 508 937 900
33
337 267 874 753 810 667 297 894 844 295 930 640 641 438 68 57 157 228 379 474 877 243 464 606 344 199 516 133 601 562 69 630 62
43
941 698 501 574 482 107 806 619 714 405 499 872 132 580 578 674 91 7 578 612 401 618 208 648 940 733 304 338 747 910 701 596 885 657 639 357 477 169 707 569 792 114 931
21
202 955 503 820 917 270 690 268 259 332 757 579 429 290 856 331 487 136 403 141 751
28
573 927 674 882 585 829 227 88 749 883 43 743 790 734 377 561 81 808 512 875 278 481 16 136 855 704 591 708
45
476 385 709 537 714 8 402 397 409 671 623 766 362 835 49 528 216 81 441 171 380 850 636 127 132 805 991 522 372 119 243 382 572 127 906 904 179 496 277 186 665 502 332 54 977
26
40 73 910 793 636 516 835 949 602 231 465 326 232 72 29 52 696 117 678 984 559 100 406 11 553 142
37
738 131 160 473 824 68 73 236 71 479 835 593 500 366 567 224 987 890 538 694 250 133 513 755 4 2 490 348 470 913 333 718 388 437 423 39 543
10
526 506 72 468 379 613 515 712 260 631
6
198 667 683 120 402 842
32
905 268 177 987 14 393 852 714 162 143 907 54 568 786 4 954 948 912 135 239 833 884 195 27 464 396 834 893 254 108 991 116
48
758 207 926 718 615 169 588 528 527 260 661 930 867 869 8 810 434 442 146 413 475 964 420 709 327 649 530 717 257 282 514 47 722 368 164 317 718 391 135 802 653 580 990 578 719 554 218 115
5
948 477 307 878 536
45
706 425 539 544 499 633 268 959 401 287 705 44 834 975 220 605 337 724 759 125 392 302 369 414 537 423 773 202 808 579 882 560 537 895 531 451 472 787 12 869 61 803 288 613 565
17
42 240 337 937 961 745 182 652 924 640 362 615 15 772 816 585 772
23
252 478 35 325 570 70 921 118 887 493 826 436 345 714 849 451 617 220 608 198 205 188 448
10
820 194 264 886 859 177 847 164 144 354
9
792 540 704 455 19 77 752 415 456
5
70 571 638 580 876
36
111 312 894 501 279 586 911 478 492 398 524 594 591 747 708 549 423 111 44 168 193 278 907 512 359 25 843 896 53 240 583 886 883 933 844 436
40
52 46 723 369 170 412 110 212 768 762 391 759 717 72 405 971 174 404 473 392 78 151 234 457 200 206 875 567 852 778 603 345 115 429 314 603 516 229 723 150
37
535 458 353 901 525 109 772 214 562 504 536 736 618 639 878 7 998 745 166 110 91 188 855 958 151 172 550 861 425 294 809 238 440 875 317 179 120
36
946 510 168 185 85 299 841 18 120 310 597 40 364 296 761 323 329 537 857 988 990 57 460 118 4 986 261 587 805 145 573 522 744 519 75 749
42
711 334 664 653 505 52 149 965 609 534 775 544 450 797 288 300 255 186 309 667 456 772 700 249 338 792 666 634 357 377 180 967 667 198 226 32 557 346 148 600 902 421
28
985 528 842 567 778 808 754 157 504 32 630 849 392 988 203 446 719 202 518 333 586 521 890 507 152 115 579 265
33
647 614 497 371 924 7 396 152 153 407 828 901 622 580 795 622 763 377 895 202 750 780 544 45 175 988 500 914 439 750 350 225 67
25
117 763 755 46 284 649 526 199 395 997 563 493 6 850 925 559 727 648 651 578 581 745 668 593 786
26
875 452 354 985 119 556 349 192 4 373 691 969 598 338 138 486 773 24 614 473 114 682 693 659 966 557
41
786 761 320 219 825 659 667 914 832 870 596 24 41 165 370 119 524 529 420 523 990 466 781 944 222 276 457 1000 100 640 87 418 751 28 550 726 406 650 10 46 560
48
857 427 602 622 960 452 94 121 237 310 992 267 322 740 255 31 417 696 757 260 886 480 833 732 799 804 737 733 665 6 53 846 417 158 508 827 337 675 589 710 369 726 553 715 352 728 641 570
22
288 491 227 984 793 540 64 947 312 855 987 871 372 295 403 517 333 17 895 786 450 157
40
101 568 223 202 783 875 90 793 57 601 727 953 947 797 697 229 936 666 974 726 508 891 84 445 369 224 349 614 424 895 895 296 260 25 835 408 168 714 269 510
49
116 810 643 945 805 534 191 83 503 269 669 93 211 340 117 149 826 749 984 8 934 810 806 271 408 752 946 524 535 119 760 475 701 693 441 412 433 622 66 959 645 815 998 753 982 205 78 398 991
7
110 613 747 931 146 464 372
44
638 473 544 726 82 913 123 496 279 609 358 378 257 454 700 512 717 687 182 988 194 248 894 226 636 89 573 425 450 814 300 184 476 491 820 19 875 611 175 994 353 717 477 212
23
40 956 817 521 744 975 944 88 817 856 875 521 372 718 66 139 312 281 227 228 109 598 769
15
673 888 827 274 673 537 733 640 483 133 146 983 82 708 507
43
861 420 734 519 795 640 32 768 818 731 555 752 335 384 467 448 98 436 613 1 411 27 627 690 135 131 527 76 410 692 598 683 314 233 629 790 596 959 86 974 383 834 316
6
330 877 320 686 475 474
20
526 868 876 89 523 936 430 317 386 860 576 606 319 956 588 737 121 960 201 184
39
102 957 414 315 895 144 398 732 894 669 844 564 647 155 905 37 559 603 606 674 530 529 757 544 792 284 561 22 591 800 4 73 842 326 675 156 264 927 29
4
363 384 821 84
10
596 983 239 253 430 642 751 199 456 700
29
151 545 115 950 237 507 588 392 59 978 250 130 97 473 297 292 758 293 352 209 787 636 693 260 85 470 739 900 641
28
371 932 217 81 725 862 325 42 212 47 683 999 121 212 419 423 842 40 461 540 207 974 35 754 877 168 336 70
18
314 150 615 691 466 858 917 427 792 409 128 80 197 786 323 166 246 79
31
45 649 256 129 443 407 969 165 569 115 270 512 533 234 632 502 784 859 297 889 444 90 812 966 3 800 747 271 237 731 60
10
651 472 871 379 883 659 528 277 658 98
41
917 33 873 25 850 875 27 655 938 554 140 358 983 272 715 393 207 413 546 638 129 45 384 136 582 829 829 178 892 454 885 941 72 755 933 42 568 51 218 291 856
32
787 317 978 454 625 180 798 709 191 69 382 198 930 435 478 961 726 942 387 650 360 853 24 713 376 411 963 471 347 165 650 814
39
24 920 850 687 299 89 457 283 406 46 862 953 853 872 582 839 579 383 219 250 252 687 255 504 940 970 477 89 354 57 103 633 72 221 833 305 599 233 378
24
472 366 40 517 561 115 209 203 823 960 243 393 672 469 735 310 776 905 359 342 189 590 267 663
38
761 697 955 428 564 202 543 873 342 502 893 305 847 513 906 196 287 655 619 524 38 327 564 189 164 990 664 246 421 860 763 101 573 924 72 815 309 601
40
263 275 405 548 390 745 785 917 532 856 457 595 572 313 16 978 348 261 301 732 875 737 412 57 726 385 875 111 434 977 843 509 272 899 731 972 932 932 709 395
37
721 985 705 789 202 910 500 635 271 678 465 263 40 52 571 100 976 370 465 623 781 66 51 386 435 60 899 876 573 46 724 614 597 365 227 275 727
23
707 95 546 752 399 883 756 117 895 420 666 882 649 932 882 402 41 411 916 191 883 556 555
29
985 516 528 817 203 143 479 777 93 903 7 988 25 336 466 923 462 53 368 783 719 779 6 303 480 36 897 985 471
24
166 915 944 277 195 349 720 791 514 429 350 175 437 406 922 780 95 548 246 330 612 636 682 401
16
127 349 739 181 354 652 339 691 297 597 459 390 414 828 19 571
50
11 358 181 71 560 163 523 550 148 102 959 600 511 216 456 152 747 200 712 348 64 947 707 530 422 770 346 335 982 947 856 193 891 824 315 338 154 108 803 945 532 65 198 477 768 77 720 325 492 532
23
727 884 45 408 819 820 945 680 227 249 957 161 784 625 511 798 988 273 323 789 47 135 909
33
595 594 414 370 207 762 682 324 415 575 860 95 718 751 349 341 922 679 565 185 123 412 708 129 523 653 576 536 625 572 251 702 180
13
56 773 947 400 376 713 332 738 708 664 509 267 388
6
259 115 542 154 143 780
13
716 173 387 690 903 179 397 383 79 971 982 33 330
27
348 83 852 629 795 492 329 629 742 873 993 977 578 178 448 406 431 158 497 774 219 44 352 561 951 925 214
30
357 60 661 663 442 558 706 869 394 965 669 744 9 900 416 423 23 536 509 617 953 851 700 497 233 228 494 485 258 592
41
264 107 254 77 722 20 293 334 806 868 548 715 651 931 1 126 377 235 17 882 927 35 848 290 475 35 424 776 940 243 553 490 936 465 501 235 167 120 160 384 994
34
774 626 207 816 240 521 275 367 570 425 405 42 556 38 326 404 103 344 917 226 199 314 437 572 775 99 323 130 869 365 421 155 222 95
10
664 509 23 168 578 407 179 569 261 671
4
974 674 371 295
8
379 536 775 609 17 128 676 564
9
221 331 717 219 760 712 860 717 879
21
515 787 626 184 807 186 954 785 256 477 492 382 980 847 942 445 156 220 462 868 222
17
330 620 608 580 793 510 274 945 432 185 513 545 858 297 58 890 841
49
99 6 172 954 338 357 184 717 196 440 299 30 705 353 76 811 834 547 868 647 739 676 497 352 932 876 376 314 593 400 339 492 914 366 169 902 688 115 196 384 45 510 286 571 122 991 100 309 930
27
474 429 549 348 670 231 443 52 682 401 760 614 649 920 697 434 468 471 499 614 13 548 85 148 849 911 30
35
707 814 912 325 693 645 941 344 297 299 73 356 112 71 77 117 670 314 35 357 648 511 706 846 12 173 937 225 533 444 893 154 653 186 857
27
62 376 308 993 1000 5 740 361 325 53 40 334 602 803 521 355 353 638 230 75 568 791 390 333 62 452 429
31
474 716 272 449 568 692 954 854 651 516 408 250 678 255 11 174 800 457 6 908 646 459 4 751 730 294 861 381 578 545 704
7
37 154 88 51 150 985 895
50
595 186 769 726 341 133 885 237 95 122 955 917 620 181 853 348 261 962 377 302 570 529 805 338 286 355 1 732 831 294 540 725 875 214 595 602 751 277 501 395 1 325 973 954 1 807 641 481 879 546
38
188 981 468 792 427 319 73 399 657 770 408 697 474 278 282 344 89 830 657 78 112 25 548 853 95 320 418 816 315 905 608 265 509 58 147 413 501 564
38
67 302 138 299 808 35 871 802 478 645 542 90 634 701 937 310 475 625 941 935 783 980 792 755 323 396 395 933 973 857 464 335 720 138 943 838 723 826
19
601 502 956 614 242 656 799 624 937 867 412 146 728 445 34 210 540 66 507
20
883 526 915 800 112 789 494 617 490 571 67 722 961 185 170 916 336 837 752 517
35
543 719 904 624 99 210 842 349 439 188 310 306 345 272 900 382 277 592 675 335 328 638 376 675 983 306 359 451 759 735 38 483 451 571 47
50
515 917 136 756 822 942 215 280 820 75 684 647 649 437 532 742 167 508 668 298 904 945 81 770 581 211 795 180 954 456 329 915 500 461 729 225 58 159 462 658 950 351 293 950 575 332 395 913 497 253
5
516 989 789 677 231
22
210 810 448 785 375 451 50 196 471 597 584 383 207 117 285 830 837 84 937 653 732 759
39
230 23 198 236 362 958 64 468 618 997 24 247 913 561 739 930 781 456 608 603 929 125 347 653 513 246 240 926 162 723 944 299 634 27 578 299 360 478 791
44
899 527 55 706 557 399 91 580 969 486 133 736 535 340 618 492 732 588 386 280 614 967 575 657 242 137 79 546 751 880 359 905 533 559 96 411 607 756 288 109 526 166 100 500
46
132 308 730 202 312 486 142 640 582 197 493 53 903 278 752 913 199 191 700 388 62 434 816 26 15 590 710 292 911 9 988 946 302 109 350 216 606 650 774 606 410 179 721 920 253 975
35
555 215 77 54 684 772 964 382 111 303 226 28 210 981 910 606 815 220 534 2 232 53 289 119 447 679 130 776 819 71 334 356 485 517 714
31
436 69 616 480 171 645 414 473 979 24 194 984 840 533 420 544 516 452 957 639 282 864 993 30 251 987 50 999 625 581 677
50
513 252 108 705 225 393 622 401 55 46 706 678 997 131 224 136 289 740 229 253 383 912 810 396 163 689 525 581 729 800 842 642 614 591 907 466 313 86 168 764 347 671 521 520 73 96 1 376 489 906
30
332 926 664 747 679 348 654 98 234 282 940 835 141 950 992 61 494 597 515 698 487 604 422 418 433 267 437 879 775 171
21
173 605 334 336 793 905 860 325 75 646 257 112 905 430 277 72 836 246 854 414 458
46
579 963 254 551 514 649 822 24 938 495 890 634 251 214 637 843 936 369 284 302 458 725 764 488 652 587 631 782 895 269 839 321 166 273 656 953 38 360 442 561 701 369 742 668 847 326
44
357 406 184 77 512 293 798 952 344 685 926 943 304 571 792 255 966 487 195 417 519 748 401 715 496 650 528 394 20 404 343 608 757 449 751 595 894 245 365 148 389 510 691 533
13
782 29 193 283 131 779 933 747 205 358 13 958 469
27
336 373 53 398 842 673 240 851 139 285 590 360 651 169 634 246 482 324 77 870 51 13 799 628 499 790 134
16
710 189 316 641 323 649 31 571 100 423 337 51 63 593 351 405
42
534 840 228 788 158 513 594 494 510 905 836 258 479 490 471 683 385 85 416 614 350 588 935 732 906 12 536 835 333 810 471 90 177 118 932 765 131 70 135 763 929 683
6
157 50 586 993 144 694
16
82 42 289 17 702 168 38 298 69 426 217 549 257 412 32 377
42
493 719 75 811 734 979 501 156 830 130 756 448 468 528 458 383 642 635 667 718 161 573 839 9 77 926 560 699 69 477 500 481 292 905 915 193 416 670 681 211 878 25
20
227 88 757 896 476 261 857 59 600 708 798 762 421 481 177 827 198 905 856 929
47
221 571 379 262 572 187 569 656 241 926 886 482 9 816 558 861 688 657 105 25 878 222 863 782 608 223 989 797 94 438 755 423 761 787 50 349 790 722 924 950 245 601 425 594 787 156 482
13
418 75 715 410 112 143 990 366 236 905 813 808 52
19
183 363 476 522 616 145 269 962 450 359 522 571 631 275 294 812 630 918 529
44
282 378 39 972 730 482 313 528 605 98 637 874 476 645 665 283 876 257 645 515 509 588 820 250 318 600 482 912 121 611 317 169 441 36 114 579 49 339 141 229 379 107 992 102
22
455 960 290 657 77 595 814 49 31 242 118 979 744 417 490 338 709 29 301 664 339 707
24
741 470 727 511 914 618 553 363 685 424 645 21 387 704 484 391 197 629 22 572 264 124 712 482
38
807 794 683 440 254 812 817 124 708 884 461 479 805 170 664 884 851 669 6 394 116 380 481 979 872 874 988 291 660 406 866 786 470 652 406 218 645 504
48
26 751 728 834 272 222 180 363 566 817 113 90 374 681 840 394 221 874 894 870 310 679 818 622 38 946 83 91 757 607 136 524 502 447 240 557 551 91 716 530 92 995 215 70 40 943 479 200
16
952 940 533 28 32 916 646 895 893 743 202 651 873 872 452 172
16
690 645 36 573 936 341 510 161 858 188 569 858 999 31 326 957
3
189 173 606
38
224 217 456 775 195 271 97 668 44 89 812 442 808 235 284 761 82 199 767 397 715 628 393 640 29 548 204 832 558 537 977 410 122 776 410 520 642 28
7
815 280 476 535 139 867 2
16
196 454 426 937 443 927 146 933 684 500 385 322 921 31 350 931
17
737 769 360 139 67 875 828 719 256 174 391 656 924 347 844 575 661
18
157 489 177 479 227 295 226 61 730 113 624 188 336 64 356 366 484 648
36
771 305 75 387 207 936 80 314 154 170 761 272 371 826 992 578 339 703 41 704 214 624 87 459 508 439 918 922 243 703 801 394 669 895 487 850
29
71 758 948 809 894 684 550 649 365 329 194 915 422 494 303 811 261 611 982 72 439 85 959 80 68 289 882 58 857
11
744 106 883 187 221 810 394 833 891 504 408
36
966 623 602 521 521 864 697 832 831 970 996 447 238 452 741 740 743 479 211 706 398 11 302 464 728 810 214 991 731 639 575 677 265 591 193 380
33
505 489 747 158 544 415 575 459 479 308 921 118 618 501 901 804 478 734 579 122 34 596 969 295 532 463 419 500 78 580 870 168 321
12
125 224 891 993 847 593 713 667 487 194 192 326
37
383 620 748 371 495 797 855 795 77 187 503 146 1 113 89 267 222 765 82 730 113 419 707 823 770 555 160 776 895 332 368 356 553 674 392 653 816
38
967 129 899 410 600 730 767 91 695 161 765 252 19 364 93 617 507 63 49 549 2 207 743 567 985 391 729 898 785 704 806 443 158 398 407 430 544 164
29
832 62 717 179 658 216 654 713 124 971 366 587 848 804 614 194 463 61 861 360 91 659 44 419 89 331 240 769 654
36
61 920 593 615 778 159 145 927 163 514 938 27 655 345 877 473 560 154 135 374 4 137 287 894 204 202 636 716 691 246 285 59 524 838 410 548
18
679 313 739 972 107 498 767 330 887 130 60 244 702 771 415 599 82 821
19
682 412 154 656 760 120 509 127 630 625 7 525 204 67 611 539 593 614 357
32
501 447 856 749 84 64 546 396 242 153 65 584 326 388 365 423 262 537 401 649 459 634 181 845 523 695 517 150 961 447 609 423
43
534 323 286 359 149 30 42 460 130 407 69 217 263 540 688 608 832 974 316 915 339 454 289 50 54 138 721 252 99 699 237 579 913 509 45 757 366 811 532 144 903 138 964
35
228 789 454 932 791 389 452 980 711 139 33 729 183 711 54 104 969 883 137 138 856 398 570 828 138 60 931 466 968 442 84 388 567 278 404
47
891 863 500 476 152 637 287 625 29 528 850 293 815 659 870 817 867 300 262 19 450 934 300 167 972 712 783 889 854 592 244 94 920 264 311 891 973 877 641 37 360 396 422 240 694 109 344
39
72 29 835 482 149 955 765 420 310 164 408 576 707 307 752 399 753 209 350 385 400 219 186 907 843 661 728 890 515 9 661 731 55 262 171 688 799 685 14
20
459 253 19 309 398 33 435 420 243 971 134 330 303 502 264 671 608 529 916 554
25
823 913 936 346 40 998 357 198 283 944 587 623 746 46 916 44 979 623 729 145 509 908 263 73 628
4
371 168 635 743
22
410 87 541 321 772 616 761 476 321 914 314 922 60 168 936 459 445 460 338 759 661 564
49
437 948 876 586 745 172 499 276 189 656 125 699 398 328 921 115 520 892 257 52 423 692 817 769 513 323 8 296 88 694 566 369 514 305 275 674 705 730 619 648 706 862 460 648 39 29 204 8 179
31
888 709 610 538 781 818 580 482 719 375 928 559 730 986 788 418 746 562 476 683 694 968 120 770 609 586 994 590 846 169 725
50
858 516 861 594 951 305 265 401 920 915 945 133 995 963 835 264 709 241 291 468 766 55 528 310 694 528 429 111 42 259 547 310 710 504 224 542 957 967 699 923 585 435 853 213 730 858 113 845 375 27
49
46 584 403 669 336 75 398 664 571 889 781 439 73 457 77 976 404 548 190 784 906 882 118 482 26 63 219 648 154 501 399 226 531 653 102 809 61 670 290 242 352 807 810 227 405 559 912 824 256
39
266 619 811 520 643 103 727 398 38 927 502 658 491 521 214 577 861 751 198 864 179 178 981 907 926 470 41 74 185 770 804 884 957 128 978 100 830 676 973
48
613 230 222 21 336 371 198 326 695 184 825 646 631 229 254 626 717 218 837 406 379 254 629 598 783 660 7 454 226 206 341 598 138 902 246 726 663 490 191 636 362 672 885 114 691 757 883 961
35
866 438 741 466 769 487 242 621 880 354 200 868 633 708 407 169 163 402 494 343 936 769 619 998 950 252 441 368 899 819 475 654 880 276 604
43
399 757 585 338 279 400 326 152 724 829 404 251 662 470 155 702 34 680 414 84 576 844 442 506 369 93 144 122 933 786 975 778 556 605 451 951 33 785 162 566 755 310 279
8
774 603 902 448 176 683 778 910
22
363 859 165 526 447 511 182 86 548 327 703 554 494 296 803 50 827 949 400 28 481 187
48
611 781 57 73 700 319 593 290 468 360 731 794 508 663 767 594 655 559 170 626 628 629 553 22 617 521 94 199 983 778 641 20 524 691 618 871 223 54 257 607 96 536 523 663 808 820 545 995
35
371 673 601 494 725 231 141 14 525 515 246 588 579 37 859 191 582 400 381 493 551 537 186 621 886 568 745 533 76 48 334 640 431 183 802
18
386 304 97 760 127 67 918 815 615 175 479 512 448 42 263 450 768 298
20
179 227 760 181 467 167 350 369 850 3 144 845 635 743 534 630 620 673 600 586
24
328 35 480 854 616 261 527 353 949 702 538 374 44 626 878 301 992 428 345 80 699 626 901 398
40
375 843 625 336 957 711 228 859 187 225 562 662 539 93 647 868 154 963 253 730 175 8 854 101 387 745 820 39 886 43 946 769 482 595 800 487 153 463 443 44
24
883 419 78 406 363 19 292 611 88 935 679 983 138 200 552 47 660 776 632 226 246 411 342 579
32
930 953 740 140 622 82 24 218 678 749 626 233 512 895 985 719 829 803 629 948 347 682 511 831 183 404 709 23 389 298 994 505
40
450 749 39 428 528 417 619 696 382 626 45 796 176 591 335 680 453 600 754 268 591 900 297 989 606 992 268 968 321 767 217 812 750 954 753 612 302 248 55 383
17
509 494 242 44 325 822 100 510 598 304 651 359 683 518 960 169 231
33
495 161 483 268 767 260 729 962 61 409 4 808 270 372 479 538 105 98 791 708 523 981 667 325 276 506 782 195 127 260 321 392 695
46
872 81 449 810 551 444 621 104 228 818 639 58 817 280 576 164 860 723 31 155 101 671 589 643 552 711 777 290 953 845 390 250 344 919 27 384 73 28 968 911 325 237 449 180 553 830
13
403 589 352 166 370 400 922 307 294 866 692 490 527
5
993 785 741 228 966
12
609 818 669 950 120 528 9 869 413 164 497 865
30
240 342 102 115 334 73 975 447 635 795 304 378 271 631 96 580 992 337 157 394 874 404 854 404 734 386 281 849 865 245
13
497 416 568 693 685 252 386 942 472 594 83 806 444
38
978 460 723 351 237 346 69 659 25 897 22 606 210 993 67 773 167 836 437 545 226 649 955 352 351 694 51 690 581 111 483 445 743 756 370 14 509 678
40
461 624 564 130 626 645 850 717 664 53 82 940 879 556 31 655 836 386 767 550 444 926 293 118 15 3 139 206 888 819 402 507 862 756 491 189 990 594 723 779
8
251 909 418 380 382 535 140 164
18
526 515 86 260 661 465 685 169 465 811 351 489 577 690 121 11 743 943
25
2 4 1 2 2 3 3 3 5 1 3 2 4 3 1 1 5 3 5 2 5 3 4 1 1
11
5 1 3 5 2 4 3 2 1 2 3
10
4 1 1 5 5 2 1 2 3 2
30
1 1 2 5 5 4 3 3 3 2 2 5 5 1 3 1 4 2 5 4 1 4 4 3 5 4 4 1 4 4
5
2 3 4 5 5
29
5 1 3 5 4 4 3 3 2 3 2 2 1 2 4 5 5 2 4 2 3 4 3 5 5 4 1 1 4
7
4 5 3 2 1 1 3
6
5 2 1 4 4 5
6
1 2 5 5 4 3
10
1 5 2 2 4 5 1 1 1 5
22
1 5 4 4 1 4 2 4 5 2 3 5 5 3 5 2 1 1 2 5 3 4
9
5 5 3 2 3 3 1 4 4
13
2 5 2 2 4 3 3 4 5 2 5 2 3
13
4 1 3 1 5 5 4 2 4 1 2 3 5
27
3 5 2 4 2 4 5 5 1 2 2 3 5 4 1 3 1 3 2 4 4 5 1 2 4 4 1
3
5 5 3
5
2 4 3 2 1
9
4 3 2 4 1 2 4 5 4
13
1 2 1 2 3 1 5 5 2 1 2 4 4
28
2 2 2 2 5 3 5 4 2 5 4 2 2 4 3 3 2 3 3 2 4 2 4 1 5 3 1 3
7
2 3 2 3 2 1 5
8
3 3 3 1 1 3 1 3
29
4 2 4 4 4 5 4 4 2 4 5 1 1 5 2 5 3 2 2 3 1 2 5 2 5 3 3 2 4
7
4 3 2 4 5 1 4
7
3 5 4 2 2 2 1
16
4 5 5 1 2 2 3 3 5 1 1 5 1 4 5 3
8
3 1 5 3 4 5 3 5
16
4 2 1 1 5 5 3 5 1 5 5 3 5 5 2 3
23
2 2 1 3 5 2 5 5 3 4 3 3 3 4 4 5 3 1 1 2 2 3 2
11
1 3 4 1 5 1 3 1 2 5 1
17
2 2 3 5 4 5 5 2 5 2 3 3 2 3 4 5 3
28
4 4 3 2 3 2 2 2 3 3 1 1 5 2 2 3 3 2 5 3 3 2 1 3 3 5 3 5
4
2 3 4 3
6
2 2 3 5 2 5
6
4 5 4 3 3 2
20
1 3 3 1 3 4 4 1 3 2 3 2 5 4 1 3 4 2 3 5
26
4 3 2 5 4 1 2 1 1 2 3 4 2 5 4 3 1 2 2 5 4 5 2 1 3 4
22
5 2 5 4 4 3 4 4 3 3 1 2 1 5 5 4 3 3 4 3 3 4
16
2 2 4 1 3 4 3 2 1 2 1 4 2 5 1 3
28
2 3 2 5 2 5 4 5 2 3 3 4 4 1 1 2 1 4 1 5 3 5 3 5 4 5 2 3
19
3 2 3 3 5 4 2 1 3 5 3 3 1 2 2 4 5 1 5
12
1 3 2 2 2 4 2 1 2 1 3 1
17
4 1 4 3 3 2 1 2 4 2 5 2 4 3 4 2 2
21
1 4 1 3 5 3 5 3 1 1 3 3 5 1 5 4 2 1 5 3 5
13
2 1 4 4 3 4 1 1 5 2 3 2 3
8
2 4 4 1 4 1 3 5
29
4 4 3 3 1 3 5 1 1 3 2 5 3 2 5 5 1 3 3 1 4 5 5 5 5 1 5 3 2
4
4 2 4 5
29
5 5 2 5 1 1 1 4 5 1 2 5 1 3 2 4 5 1 4 3 5 3 5 5 5 4 2 1 1
20
4 2 2 2 5 3 1 5 5 3 5 4 3 5 2 5 1 4 2 2
21
2 3 2 4 2 5 4 3 5 1 5 1 1 5 1 2 1 4 5 1 4
11
1 3 1 2 1 3 4 2 5 4 4
27
4 4 4 2 1 3 3 1 2 4 2 1 3 5 1 4 4 1 2 3 1 3 1 1 1 3 4
12
2 2 2 2 3 3 1 1 2 5 5 3
30
3 3 1 5 2 5 5 4 2 1 4 3 5 4 2 5 5 3 3 1 1 5 3 4 5 2 2 3 2 2
22
2 5 5 2 3 1 1 4 5 5 2 4 5 3 2 1 3 1 4 2 3 3
14
1 2 1 5 1 4 2 2 4 2 3 1 3 1
3
4 1 2
15
2 5 5 1 1 5 3 1 4 2 1 5 5 3 1
16
4 3 5 1 2 1 1 2 4 1 2 5 3 5 4 3
13
3 4 1 5 5 4 1 3 3 1 5 3 4
27
5 1 3 2 4 5 1 4 2 4 2 3 5 1 5 2 5 4 1 1 5 4 1 4 2 3 5
23
3 3 2 4 4 4 1 2 4 5 1 1 1 1 2 1 2 2 5 4 4 3 1
26
2 1 4 4 4 1 3 5 3 3 4 4 4 5 1 2 1 2 3 3 3 5 5 4 3 3
30
4 3 3 4 1 1 4 3 5 3 3 4 4 4 4 3 4 4 4 2 3 2 4 4 2 5 1 1 3 5
20
2 5 1 4 1 5 3 4 1 5 3 3 3 3 1 4 2 2 1 2
4
1 2 1 1
9
5 1 4 1 5 4 4 5 1
22
1 3 5 3 2 1 3 5 2 5 1 1 1 2 5 3 4 3 3 1 2 1
18
2 4 2 1 2 1 3 1 5 1 1 1 2 3 2 1 5 5
4
4 4 3 5
27
1 4 2 2 1 5 1 2 3 3 2 5 5 3 1 3 3 4 2 4 1 3 2 3 2 2 1
7
3 3 2 2 3 2 3
5
4 2 3 2 1
15
3 1 3 1 2 1 4 1 4 4 4 4 3 5 3
7
2 2 5 2 5 4 5
24
4 5 3 5 4 5 3 2 4 4 4 5 3 2 1 4 3 2 4 4 5 5 5 4
28
4 1 5 5 5 1 3 4 1 2 5 1 3 3 1 3 5 5 5 3 1 1 4 1 5 2 3 4
12
3 5 4 3 3 1 2 1 4 1 2 1
28
5 4 3 1 3 2 4 2 5 1 3 3 5 1 1 1 2 3 3 4 2 2 2 2 1 5 1 3
30
4 5 4 2 1 1 3 3 1 1 2 5 3 1 2 5 4 2 2 4 4 2 4 3 2 5 4 3 2 2
6
3 2 4 3 1 3
13
1 3 2 5 3 5 2 2 4 3 5 4 1
7
5 4 3 1 2 2 4
11
2 5 4 3 5 1 4 5 1 5 3
7
5 3 4 5 5 5 3
9
5 3 4 1 3 5 3 4 1
19
1 3 2 2 4 5 1 5 4 5 4 2 3 1 1 1 3 4 1
15
1 2 1 2 1 4 5 5 3 3 4 1 4 4 1
14
5 1 4 4 1 2 5 5 2 4 1 5 1 1
9
3 4 5 3 2 5 4 2 2
7
4 4 4 2 2 5 3
24
3 2 3 4 2 5 5 2 1 3 1 2 5 3 2 2 4 3 5 3 3 2 5 5
7
4 3 3 5 1 5 4
29
2 4 4 3 2 5 4 5 4 4 1 4 5 4 3 5 1 1 2 2 4 3 2 1 4 2 4 3 1
11
3 2 4 3 1 4 2 2 5 4 3
11
1 2 3 2 2 4 1 2 4 2 4
7
4 1 3 3 2 4 3
6
2 1 4 5 3 5
14
3 4 1 3 4 3 5 1 3 2 5 3 1 5
20
5 4 2 3 4 2 3 5 5 3 4 4 5 4 1 3 2 4 4 5
25
3 3 4 4 1 4 3 5 2 2 5 3 3 1 2 4 3 4 1 2 1 2 4 5 3
27
2 2 1 3 1 5 3 1 3 4 5 4 5 1 3 5 4 5 1 2 1 2 3 4 1 2 4
14
2 1 5 1 4 5 4 3 4 1 2 2 2 4
28
5 1 3 5 4 4 3 5 1 2 2 5 4 3 2 1 3 5 5 1 5 4 2 3 3 4 2 5
18
5 3 3 5 1 3 5 2 1 5 1 1 4 2 4 2 1 2
25
2 1 2 2 4 2 5 5 3 3 1 5 5 1 3 5 5 1 5 5 2 3 2 2 4
16
4 2 2 2 4 5 2 1 5 3 2 3 1 4 5 5
27
4 5 2 2 1 4 1 3 5 3 4 2 3 1 4 2 2 4 5 1 4 5 2 3 2 5 2
26
4 2 5 1 2 5 1 5 5 4 4 1 3 2 2 5 2 5 3 4 5 1 3 2 1 3
23
2 1 1 3 3 3 3 3 1 1 2 5 5 5 3 2 2 3 5 5 4 3 3
21
4 4 4 4 5 5 2 3 3 1 3 1 4 3 3 1 5 3 3 3 1
21
2 1 2 1 1 5 4 5 5 4 2 5 3 3 3 1 3 3 1 5 2
19
5 3 5 2 4 2 2 1 1 5 3 2 2 3 4 1 1 1 5
3
1 5 1
16
1 4 2 3 4 5 1 1 5 5 4 4 4 4 5 1
28
2 1 5 4 3 4 3 2 4 5 1 3 1 1 2 2 5 1 5 1 1 5 5 1 4 2 4 2
11
4 2 5 3 2 2 2 5 2 4 3
25
2 3 5 5 3 2 4 2 4 4 5 5 3 2 4 5 1 1 1 2 1 3 2 3 3
11
4 4 1 4 4 5 5 4 4 1 3
4
3 1 3 2
24
4 5 2 2 4 3 3 2 3 2 3 3 4 4 1 4 1 4 3 4 3 4 2 2
7
4 2 4 3 3 4 5
5
3 3 4 1 5
11
2 2 5 3 5 3 1 1 5 3 2
8
5 4 2 2 4 4 3 2
6
3 2 5 4 5 5
19
4 1 5 5 3 5 1 3 4 3 2 3 3 2 1 5 5 4 5
11
5 4 1 3 3 5 5 2 5 3 3
7
1 5 2 3 3 4 1
3
5 2 1
27
5 2 3 3 2 1 2 3 4 2 5 2 2 4 4 5 3 1 1 4 2 1 3 2 1 2 2
11
3 1 1 1 2 2 3 3 1 2 1
14
5 4 3 5 2 5 2 5 1 1 4 4 2 3
18
1 2 1 2 3 5 3 5 5 3 2 1 4 1 3 4 3 5
14
1 5 1 3 3 4 1 1 5 5 3 4 3 5
23
1 3 4 4 1 4 4 4 1 5 5 3 4 3 3 3 5 4 3 4 4 5 1
30
3 2 3 5 5 1 5 3 5 2 4 5 3 5 3 1 3 2 5 2 2 3 4 5 5 4 1 4 5 4
10
1 4 3 1 2 2 3 4 5 2
21
1 4 3 4 3 5 4 2 3 4 3 5 3 2 1 3 1 5 2 3 3
28
3 4 3 5 2 5 3 2 5 5 2 1 5 2 5 4 3 3 3 5 3 4 5 3 1 3 5 1
30
2 2 2 2 2 1 5 1 3 2 4 3 1 3 5 3 4 1 3 4 3 3 4 5 2 1 5 5 5 5
23
5 5 3 3 4 5 3 2 1 4 4 5 3 1 1 4 4 4 4 3 1 3 5
6
4 5 1 4 5 3
17
3 3 2 1 3 4 4 5 1 2 4 4 5 2 3 3 4
7
1 5 1 3 4 1 4
27
1 1 2 4 5 1 1 3 5 5 2 5 2 2 4 1 2 2 1 2 4 1 5 3 1 2 3
29
5 4 4 2 4 4 2 2 4 3 3 5 2 4 2 5 2 4 1 5 1 4 1 5 4 3 1 1 2
10
4 2 4 1 4 5 3 2 2 1
13
3 1 2 5 2 4 1 1 1 3 1 5 1
8
5 5 1 5 3 4 1 1
28
1 2 5 4 4 3 5 2 2 1 2 2 4 1 5 5 5 2 4 2 5 1 5 1 4 5 3 3
29
2 3 4 2 2 3 1 2 2 4 4 5 3 3 2 3 5 4 5 2 5 2 5 1 5 1 2 1 2
28
1 3 1 5 3 4 5 5 5 3 5 2 4 5 3 3 3 3 2 3 5 5 5 4 3 1 1 3
9
1 5 1 4 3 4 5 1 1
18
1 4 3 3 2 1 3 2 4 3 1 4 5 1 5 4 5 3
29
5 2 2 2 2 4 4 2 2 1 1 2 5 1 4 5 4 3 4 3 3 1 2 1 1 1 3 3 1
7
3 5 5 4 3 2 2
4
3 3 5 5
25
3 4 4 5 5 3 1 3 5 5 3 4 2 1 3 4 3 2 1 5 5 4 4 4 1
26
3 2 4 1 5 4 1 5 1 2 3 5 5 1 4 3 1 1 3 3 1 5 1 2 5 1
21
5 1 2 2 5 4 3 4 3 1 1 2 2 5 4 3 1 5 1 1 4
27
2 1 3 1 2 1 4 5 1 4 4 5 1 5 5 2 4 1 4 1 1 3 3 2 2 2 5
13
2 2 3 4 3 5 4 3 2 3 1 4 5
5
4 2 5 1 5
9
3 5 2 5 5 2 2 5 4
5
4 3 3 2 2
4
4 1 2 3
22
4 5 3 5 2 5 4 2 4 1 2 2 2 1 5 2 5 2 2 3 1 5
12
4 3 4 1 4 2 4 1 4 4 3 1
23
4 3 1 1 3 3 5 4 2 5 4 2 5 3 2 1 4 4 1 5 3 2 3
5
2 5 3 4 2
15
4 5 2 1 4 4 4 5 3 4 2 1 2 5 1
6
3 4 2 1 1 2
22
3 1 1 4 1 4 1 2 5 2 5 5 1 4 4 5 3 5 3 3 2 2
15
1 4 4 5 5 5 3 2 5 5 1 2 2 1 3
18
4 4 2 4 3 2 5 5 3 5 3 1 5 1 1 3 3 5
20
5 1 5 2 5 1 2 2 2 2 2 3 2 4 3 4 2 4 2 4
14
2 2 4 3 2 2 3 4 1 3 2 3 5 5
24
3 3 1 5 1 1 4 3 3 4 4 4 5 4 4 1 5 3 5 5 4 1 5 3
8
1 1 2 1 3 5 4 3
12
1 5 1 4 4 4 2 5 3 2 5 3
24
4 3 4 5 3 1 1 1 2 1 1 5 3 1 3 3 5 5 5 5 5 3 4 5
25
2 5 5 5 5 5 2 4 3 2 3 3 2 1 3 2 5 5 2 4 3 1 2 4 2
3
3 2 5
21
3 1 2 1 2 1 4 3 1 4 1 5 5 3 1 1 3 4 1 2 1
26
1 4 2 5 1 1 3 2 5 3 4 4 3 4 2 5 2 2 4 3 2 4 4 3 5 5
5
2 5 2 4 2
7
3 3 5 1 3 1 4
10
3 4 2 2 3 1 2 3 1 5
9
1 2 5 4 5 2 2 3 1
16
2 3 3 4 2 3 1 4 1 5 5 1 2 4 2 5
18
1 3 2 1 1 5 3 2 2 3 2 2 5 3 1 4 1 5
21
2 2 1 5 5 2 4 1 3 1 2 4 2 3 2 2 3 2 5 1 3
28
5 4 3 1 2 1 1 5 2 5 4 4 1 4 3 1 5 3 2 1 2 3 1 5 1 2 2 5
25
1 1 3 3 4 2 5 2 5 3 2 4 1 4 1 3 1 3 3 5 2 5 3 4 1
27
5 5 1 5 2 2 3 1 4 5 5 2 2 5 2 3 1 5 1 5 5 1 3 3 1 2 4
27
4 4 4 3 1 1 2 5 5 2 4 2 1 1 2 2 2 3 3 1 2 4 1 1 1 1 3
25
5 4 1 2 3 5 1 3 1 4 5 2 5 4 3 2 5 3 3 1 2 3 5 3 5
9
5 1 1 3 4 5 4 4 1
15
1 1 1 2 1 2 2 2 1 1 2 2 1 2 2
8
1 1 1 2 2 2 2 2
3
2 2 1
10
2 1 2 2 2 2 2 2 2 2
13
2 1 2 1 1 1 1 1 1 2 1 1 1
14
2 1 1 1 2 2 1 2 1 2 2 2 2 1
8
1 2 1 2 2 1 1 1
11
2 2 1 1 1 1 2 2 1 1 2
11
1 1 2 1 1 1 2 2 2 1 1
8
1 2 2 1 1 2 2 1
11
2 1 2 2 2 1 1 2 1 1 2
7
2 2 2 2 1 2 2
15
2 2 2 1 2 1 1 2 2 1 1 1 2 2 1
8
2 1 2 2 1 2 2 1
15
2 2 1 1 2 1 1 1 1 2 1 2 2 2 2
14
1 2 1 1 1 1 1 2 1 2 1 1 1 2
13
1 1 1 2 2 2 1 2 1 1 1 1 2
10
2 2 1 2 1 1 2 1 1 1
7
2 2 1 1 2 2 1
6
1 1 1 1 2 2
13
2 1 2 1 2 1 1 2 2 1 2 1 2
11
2 2 1 1 1 1 2 2 2 1 2
9
1 1 2 1 2 1 1 2 2
14
2 2 2 1 2 1 2 2 1 1 1 1 1 2
14
2 1 1 2 1 2 1 2 1 1 2 1 1 1
7
2 2 1 1 2 2 2
3
2 1 1
6
1 2 2 2 2 1
12
2 2 1 1 1 1 2 1 2 2 2 2
12
2 1 2 2 2 1 2 1 1 1 1 1
5
1 2 1 2 2
12
1 1 2 2 2 2 1 2 2 2 2 2
6
2 1 2 1 1 1
10
1 2 1 1 2 2 2 1 1 2
13
2 2 1 2 2 1 1 2 1 2 2 1 2
14
2 1 2 1 2 2 1 2 2 1 2 2 1 2
8
2 2 2 1 1 2 1 2
4
1 1 2 1
4
2 1 2 1
3
2 1 1
10
1 1 1 2 1 1 1 1 1 2
8
2 2 2 2 2 1 2 1
12
2 2 2 1 2 1 1 1 2 2 1 1
13
1 2 1 1 1 1 1 2 2 2 2 1 1
6
2 1 2 1 2 1
6
2 2 1 1 2 2
7
1 2 1 2 1 2 1
13
2 1 1 1 2 1 1 1 2 1 1 1 2
7
2 1 1 2 2 2 2
4
2 1 2 1
9
1 2 2 1 2 2 1 1 2
8
1 2 1 1 2 2 2 1
15
2 2 2 1 2 1 1 1 1 2 2 1 1 2 2
10
1 2 1 2 1 2 2 1 2 1
13
2 2 1 1 1 1 1 2 1 1 1 2 1
15
1 2 1 1 1 1 2 2 2 1 2 2 2 2 1
13
2 1 1 2 2 2 1 2 2 1 1 2 1
7
1 2 2 2 1 2 2
5
1 2 1 2 1
12
1 1 2 1 2 2 2 2 1 2 1 1
15
2 1 1 1 1 1 1 2 2 2 1 2 1 2 1
12
1 2 2 1 1 1 1 2 1 1 1 1
8
1 1 2 2 1 2 1 2
4
2 1 2 2
5
2 1 1 1 2
14
2 1 2 1 1 2 1 1 2 1 1 2 2 1
9
1 1 2 1 1 2 2 1 1
7
1 2 2 2 1 1 1
3
1 1 2
4
1 2 2 1
7
2 2 1 2 2 1 1
10
2 1 2 2 1 2 2 1 1 1
8
1 2 1 1 2 2 2 1
5
2 1 2 1 1
3
2 2 2
3
1 2 2
4
1 1 1 2
3
1 2 2
13
1 1 2 1 2 1 2 1 1 1 1 1 1
5
1 1 2 1 1
15
2 2 2 1 2 2 2 2 2 2 1 2 1 1 1
10
2 2 2 2 1 2 1 1 2 2
13
1 1 1 1 2 1 2 1 1 1 2 2 2
4
1 1 2 1
6
2 2 1 1 1 1
4
1 2 1 2
11
2 2 1 2 1 2 1 2 1 2 2
10
2 1 2 1 1 1 1 1 2 2
15
2 1 1 1 2 1 2 1 1 2 1 2 2 1 1
12
1 1 1 1 1 2 2 2 1 1 2 2
3
2 2 2
9
1 1 2 2 2 2 2 1 1
15
2 1 1 2 1 1 1 1 1 2 2 2 2 1 2
15
2 2 2 1 1 1 2 1 2 2 1 1 2 1 2
10
1 2 2 1 2 1 2 2 2 1
10
1 1 2 1 1 2 1 2 2 2
13
1 1 1 2 2 1 1 2 1 2 1 2 2
9
1 2 1 1 2 2 1 2 1
8
1 2 1 1 1 2 2 1
11
1 2 1 2 1 1 2 2 1 1 1
10
2 2 1 2 2 1 1 2 1 2
3
2 1 1
12
1 2 1 2 2 1 2 1 1 2 1 1
12
2 2 2 1 2 1 2 2 1 1 2 1
10
2 2 1 2 1 1 1 2 1 1
15
2 1 2 1 2 2 1 2 2 1 1 2 2 2 2
10
2 2 2 2 1 2 1 2 1 1
14
1 1 2 1 1 2 2 1 1 1 1 2 1 2
14
2 2 1 1 1 1 1 1 2 2 1 1 2 2
3
2 1 1
12
2 1 1 1 2 2 1 1 1 2 1 2
9
1 2 2 1 1 2 2 2 1
14
1 2 1 1 1 2 2 1 2 2 1 2 2 2
11
1 2 1 1 1 1 2 1 2 2 1
11
2 1 2 2 2 2 1 1 1 1 1
4
2 1 2 1
7
1 1 1 1 1 1 1
11
2 1 1 2 2 2 1 2 2 2 1
9
1 2 1 1 2 1 1 1 1
9
2 2 2 2 2 1 1 1 2
8
2 1 2 2 2 1 1 2
14
2 2 2 2 1 2 1 1 1 2 1 2 1 2
5
2 2 2 1 2
4
1 1 1 1
9
2 2 1 1 2 2 1 1 2
13
2 2 2 1 1 2 1 2 1 2 2 1 2
7
2 2 2 2 2 2 2
5
2 1 1 1 2
9
1 1 1 2 2 2 2 2 2
6
1 2 2 1 2 2
12
1 2 1 2 1 2 2 1 1 1 2 1
7
1 1 1 2 1 1 2
6
2 1 2 2 1 1
7
2 1 2 2 2 2 1
3
2 1 2
10
2 2 2 2 1 1 1 2 1 2
13
1 1 2 2 2 2 2 1 1 2 2 1 1
11
1 2 1 2 1 2 2 1 2 2 1
5
1 2 2 2 2
6
1 1 2 2 2 2
12
1 2 2 1 2 2 1 1 2 1 1 1
6
1 1 1 1 1 2
9
1 2 1 1 1 2 1 1 2
9
2 2 1 2 2 1 2 2 1
7
2 2 1 2 2 2 2
6
1 2 2 2 1 2
10
2 1 2 1 1 1 2 2 1 1
4
1 2 2 1
10
1 2 1 1 2 1 2 2 2 2
13
1 1 1 1 1 2 1 1 2 1 2 2 2
13
1 2 2 1 2 2 1 2 1 2 1 2 2
6
2 2 2 1 2 1
12
2 2 1 1 2 1 2 2 1 2 1 1
13
1 2 1 1 2 2 1 2 2 2 2 1 2
7
2 1 2 1 2 1 2
9
1 2 2 2 2 1 1 1 2
9
1 1 1 2 2 2 2 2 1
8
2 2 2 1 1 2 1 1
3
2 1 1
10
1 1 2 2 2 1 2 1 2 1
6
1 2 2 1 1 2
9
1 2 1 2 2 1 1 2 1
10
2 2 2 2 1 1 2 1 2 1
15
2 2 2 2 1 1 1 1 2 2 2 1 2 1 2
14
1 2 2 1 1 2 2 2 2 2 2 2 1 2
6
1 1 2 1 1 2
8
1 1 2 2 2 1 2 1
9
1 2 2 2 2 2 1 1 2
15
2 1 2 1 1 1 2 1 2 2 1 2 1 1 1
5
2 2 2 2 2
12
2 2 2 2 1 1 2 1 1 2 1 1
6
2 2 1 2 1 1
9
1 1 1 2 2 1 1 2 2
8
2 1 2 2 2 2 1 1
8
2 1 2 1 1 1 1 2
15
1 2 1 2 1 2 2 2 2 1 2 1 2 2 2
11
1 2 2 2 2 1 2 2 1 2 2
6
2 2 2 2 2 1
9
2 1 1 1 2 1 1 2 2
9
2 1 2 2 2 1 1 1 2
8
1 2 1 1 2 2 1 2
11
1 2 1 1 2 1 1 2 1 1 1
9
1 1 2 2 1 2 1 1 1
4
1 1 2 2
10
1 2 1 2 1 2 1 2 2 2
12
1 2 2 1 2 1 1 1 1 1 1 1
14
2 2 1 2 2 2 1 2 2 2 1 2 1 2
6
1 2 1 1 1 2
11
2 2 2 1 1 1 1 1 1 2 2
8
1 2 1 2 1 1 2 2
10
1 2 1 1 2 1 2 2 2 2
10
1 2 2 1 1 2 2 2 1 1
6
2 2 1 1 2 2
15
2 1 1 2 1 1 2 1 1 2 2 1 2 1 2
4
1 1 1 1
6
1 1 2 2 1 2
14
2 1 2 1 2 2 1 1 1 1 2 1 1 2
10
1 1 1 1 1 1 1 1 2 2
7
2 2 2 1 1 2 2
15
1 1 2 2 2 2 1 1 1 2 1 2 1 1 2
